-6700902708
1537461683
-537895972
-2426932325
8946921424
-16020065141
2276330360
-4783757780
-6184060608
-3249476997
-810741483
4851654420
-4643742966
-15312706807
-20899016168
2336083595
-4821071026
7714986099
6764254649
-9740514318
-4126335365
-14917841401
18491571704
1341714112
-229291994
-4718564982
-3123509416
-7434229876
-3474509475
10745870525
-13258084327
-10499960220
2568941647
12731121870
5097365813
-12855233135
-2965645938
-8028904912
2437363968
1088834739
4370321645
3306835886
2490876062
7518646539
2109623521
2572493069
-10517339914
-1474177015
3121028077
10152951213
9407004627
-7666468187
-6209359396
1460519628
-885901484
-10690764355
16526171860
-740543986
-654273025
-6808144804
-3157373364
-14249128472
-15382099042
4421430112
6534956587
-8027531617
-9131593806
-5879017665
-10866041918
-10948269044
