8642,8127,12604,15219,19260,9669,19500,8689,7892,9908,12534,14718,19347,6890,12601,9949
15799,9116,9154,13614,7526,9137,6776,16236,18428,8230,12007,13956,7119.5,11446,15152,6922,8204.5,9487,9973,19185,6279,19926,13311
12944,9330,18079,12431,17142,8265,18163,6892,13425,6000,15657,12185,8566,15243,10143.5,6369,18927,9427,15589,7805,19370,15656,9494,13696,11967,13292,14617,18259,19519,9665
13403,8662,14379,10906,13966,7502,9705,15161,19990,13936,7882,17023,14458,14293,17407,15777,9902,6031,6606,10567,6565,6581,9231,18797,12269,10749,9699,12380,6885
8098,10787,11318,10308,7587,19379,16092,16483,8103,11732,7818,8346,12372,14265,16418,9696,19374,6943,17414,8604,19856,6440,16126,13166,19476,10860,6486,15566,15815,12756,16369,11841,8147,8322
9190,9347,19138,7123,15362,6073,8637,12079,10763,17169,10186,7790,8962,17807,16276,14745,7738,10059,12380,13176.5,13973,6274,14724,12264,7911,11816
5963,8264,7552,6457,16601,8661,19138,15795,14973,16611,17982,10322,18488,19610,12798,7694,7021,18355,14772,14180,12319,10467,8615,12597,14085,6325,15709,12175,17071,14596,14717,7146,16861,11351,9048,19563,18731,19152
11141,10772,18223,12220,18141,19542,14728,10592,18888,18407,16300,12847,9394,6746,16643,6543,7387,14549,11076,13587,16098,13692,13307,6614,12449,7784,10513,12498,19494,17785,12772,6608,6289,19997,19402,16452,9637,18328,10266,9618,5891,6502,14578
7724,11462,15574,7287,6768,11609,10493,17293,13837,13838,7326,16960,6281,13204,15765
8131,17169,10279,9873,6235,13587,6130,9589,9728,9867,5891,16611,18425,9640,14438,19549,18324,11830,15800,18044,13650,16535,19953,12798,10658
16833,14871,17017,15090,8847,15770,7626,10284,17430,14788,6628,12110,17592,18932,10876,14765,8146,16486,19015,7370,16521,18688,10698,19561,15358,5795,8197,6438,12457,6878.5,10652,11990,17508,15219,12930,17838,11455.5,18855,19841
8497,14706,6279,16958,10945,16562,10325,13261,16197,6672,19784,11235,17377,14317,9469,9896,15907,15229,16929,11142,19408,8619,16264,16396,5863,9246,17743,14299,13225,13482,8307,9844,11381,12008,12662.5,13317,7726,8669,6496,6359,19270,10367,16469,10017,17548,14367,17322,6779,13167,11041
14691,17438,16788,7440,19561,6155,10073,9740,12059,8913,12338,8288,10513,18214,6493,14914,12510,10114,15401,10884.5,6368,6600,12978,12841,12916,8316
13857,7355,8821,15431,19116,9885,9814,7836,12130,5907,8415,17924,19979,18292,7383,11868,10155,14871,18881,15954,18263,17783,19335,7997,11162,16327,7303,12114,14854,14428.5,14003,18047,10394,16466,15597,11782,11094,15786
18362,18089,10667,18404,7885,12071,13822,6543,19603,8242,6603,11632,16748,19759,9298,13686,9172,10109,19430,8676,10711,18705,9307,8551,7795,11036,14277,15030,9473,19083,9628,16696,8501,15774,8108,8410,11731,7261,15117,19353,11513,11107.5,16651,12194,15522,7293,13595,15794,6576,9650,9732,9919,9022,15164,12847,11819
17903,10554,7021,6398,17092,10770,19273,18997,8779,16870,10139,14768,8941,14903,8140,15091,15289,14063,16035,11190,10771,17002,14737,14327,13917,12208,6905,19203,17071,9623,13287,11855.5,10424,9555,9812,12737,15968,7419,19038,11733,11813,17301,16746.5,16192,7015,6779,9180,6129,14525,11621.5,8718,12666.5,16615,18551,6269,5797,17552,9634
9078,11687,9491,13775,14558,17504,6152,13903,18523,14747,17906,16019,8184,19139,13898,18385,13063,15004,8501,11514,11382,9267,6179,18757,13368,11619.5,9871,12724,8356,13638,18920,15767,6226,6577.5,12222,15434,9274,15735,12150,11633,8311,15361,19112,18957
10859,18522,13435,18721,10314,16617,14850,11624,10678,16219,14184,11445.5,8707,11429,18767,8516,9240,6278,8172,10066,6752,6384,19216,16671,14126,6442.5,8759,12358.5,15958,15979,6449,7401.5,8354,7582,18040,19244,12032,15859,9613
15382,14293,14693,11912,6591,8902,14471,11469.5,8468,5820,19850,19736,11612,10042,10469.5,18483,5865,17911,12750,6011,9428,17977,19319,15226,6227,10621,12501,6430,16179,19864,17032,14200,14907,9851,18731,14675,19397
11073,10959,17968,18522,14072,16944,18156,19482,14354,6567,14064,14725,8848,13660,9224,15533,11479,17075,19810,7012,7314,18943,9458,14156,8090,11794,10387,5926
8547,7699,12961,9304,13754,13332,8414,9985.5,17541,14177,19363,13959,18647,15374,15840,8068,15508,10135,12651,8390,12478,9923,12958,18584,15773,10864,13193,16431,10649,17388,18373,16580.5,14788,19156,12259,19200,17910,9714,15658,10200,18078,14283,6981,18446,15902,16301,5919
18829,5985,8631,9394,16984,13292,10916,17655,17737,7649,10410,12053,17785,10311,13539,7722,14500,12942,6159,10277,10274,14978,11803,12922,17722,6398,6224,11253,17700,11430
7837,7714,12909,12007,19864,14651,17742,15000,11175,12320,6996,5805,7663,5978,12054,17033,18450.5,19868,9976,8544,7112,7792,11875,12494,15764,13550,19273,16592,13911,18151,7075,17410,14889,12136,7319,19107,15588,7941
9181,11335,17271,12684,7158,6896,7704,12030,17159,10781.5,5877,7350,16370,11259,16061,7617,10000,10394.5,10789,12208,11424,8342
17474,10113,14047,7045,11956,12075,9282,7601,16397,19956,9605,11182,14362.5,17543,11281,11929,18467,11639,9594,17815,6790,16671,17669,19961,18470,17930,15802,13851,19381,18870,18932.5,18995,9996,6470,11078,10567,8689,11475,17532,9539,7932,11979,7202,9516,11531,14714
12290,9782,19444,19549,6857,14596,8959,11520,15606,6536,18573,12958,9436,11556,14388.5,17221,10125,10316,15496,15747,16016,14530.5,13045,13943,6858,16134,17209,7780,10230,9051,7524,11605,12684.5,13764,19912,11312,7735,18389
15865,11287,19432,16089,13101,16503,8724,10567,18742,11507,13464,17878,8143,11880,14959
15092,17422,17561,17034,10528,11880,16214,15160,19004,6139,8712,17041,19437,8669,11747,16637,8720,16400,10641,15867,7017,11586,18677,8311,16651,17196,17741,10232,12071,6092,15493
9489,8786,7695,17298,7527,17747,11451,19084,14520,11385,6877,13964,13734.5,13505,13284,18661,9252,12313,12801,16285,8852,18529,12609,7500,6412,10189,14351,18513,19769,13464,16774,9766,9806,14072,11452,9484,7516,7331,13475,11779,16996,18455,5998,13795,13371,12021,8809,16026,19353,17704,16882
17482,10275,14183,15085,17305,7202,10052,14956,10998,6755,12911.5,19068,16985,17802,16235,8004,18752,15073,14774,18066,15051,14146,11639,8798,17163,18801,10198,15385,6532,16427,8455,13187,10177,17130,17658,17514,6129,10080,14018,12109,17940,7715,18167
15430,7336,12888,8941,18668,19100,15901,9211,6230.5,14518,15757,17804,11215,17017,13467.5,9918,8675,16820,8661,9984.5,11308,8811,19356,16369.5,13383,17209,10201,12328,16433,11370,7148,19747,17605,7032,12499,8517,18131,15295,12419,6461,16002,6656,6935,17702,13445,6447,7754,12332,14749,6557,16081,15191,14301,12305,19420,12745,8360.5,5833,10371,19754,12018,16992,6131
16546,12990,6959,5991,8059,13979,10542.5,15733,6785,11991,10337,14991,12029,15000,12613.5,10227,8752,7277,19571,12433,14616.5,16800,19391,7066,14485,17781,18215,9605,10959.5,12314,13376,8432.5,18977,13931,12448,10965,7806,7512,14371,6434,17127,14485,11325,5792,19579,19008
9606,12129,9120,15199,13321,8934,18983,14428,19016,11150,14623,18706,7622,6505,11217.5,17489,12139,9512,16155,14363,6158,14003,15537,17071,16710,18781,14636,17519,12854.5,8190,16791,14192,8921,14294,5987,8448,7731,8249,8767,19608,7122,13993,19487,12024,12945,18737,5893,7721,8850,10483,7029,14836,10721,8787,16127,14424,18330,16137
10062,7071,16839,9929,6311,17897,12904,12066,7592,11330,8527,10194,12253,13101,11887.5,10674,17840,18900,9333,19414,12455
15245,15311,15553,15117,16900,7653,10539,8294,17142,15578,11477,19928,19389,11413,13868,12169,9696,12324,10541,19085,15560,10796,6447,9141,16629,7142,11252,14886,11173,8261.5,16002,11681,13335,18446
19015,18572,9811,10002,13063,17544,15757,16097,8633,11168,14232,16013,18898,7463,19716,18498,10908,9398.5,7889,7736,11650,6750,8894,13567,12240,15952,19664,18923,8203,8841,13039
8396,18017,19506,15840,18118,7812,12098,11863,16771,10815,16884,15690,17597,12171,15837,6266,15678,17754,10031.5,8161,10602,12915,11282,14972,9852,17702,7777,12156,6578,13310,8279,15995
13486,11792,10237,17987,16241,16663,19975,9347,9764,17139,10661,12334,6435,19454
13887,13551,13821,11402,7163,12220,11511,6240,18706,19816,13776.5,7737,13775,11082,14771,13632,9363,11188,12478
9075,7705,10292,6032,12630,10647,7984,8607,8854,9101,8024,6597,19680,12676,9052,11058,12583,18954,9503,10217,19889,16852,11902,18085,9736,14545,19354,17474,10833,11436,10500,17298,14186,16778,15337,16512,19497,17716,15935,7509,11973,16437,14341,12620,7971,18849,16658,10163.5,15796,15024,8646,7646,15718,9417,8232
19478,7622,15199,9010,18431,6373,14186,12613,17672,12783,6521,9108,18988,18982,18976,18202,7115,18192,19551,11819,7576,19091,13123,7359,17257,8899,13796,14893,11825,12032,8890,17484,7114,18667,9974,11360,8606,16724,14837,9717,7940,8391,12506,9988,14633,16545,15637,14057,12477,12883,12629,6244,18505,14804,8061
10284,18851,13785,12823,18827,12694,14059,14480,11853,12506,6613,8309,7312,8032,9258.5,10485,13395.5,16306,8212,16061,17334,19352,6833,7515,15115,10300,16639,19394,14641,7466,18660,7591,12071,16551,10889,11469,11309,8709,10442.5,12176,11208,10046,8884,9403,13440,7375,11085,14298,10364,13129,6693,15816,10765
10807,6121,16269,12444,15505,18468,19979,19253,10385,17735,5842,19580,9978,12511,10907,17530,11931,18403,8814,6531,17900,10051,11892,19187,18716,8904,14479,16378,6452,13603,14562.5,15522,19962,12024,14314,11909.5,9505,12567,18667,11025,19918,11443,11741
6496,7141,8213,19472,18786,12618,10019,15261,13751,19887,7238,19676,14338,8333,11844,12757.5,13671,14656,16033,12058,16479,15853,10494,18012,7840,17485,7893,17296,18833,14473,16088,19043,19312,15207
15929,7090,13751,6141,15319,8226,19640,14973,19102,7368,6113,9280,13573.5,17867,10903,16351,8425,18319,14239,6716,17411,6907
7746,16967,7789,14842,13035,15137,11619,12922,14225,5824,17427,9338,16772,13889,11998,10915,14099,15412
13826,9775,16060,11855,18787,7939,18393,11932,15753,12112,12908,16506,8636,17152,15146,16753,18360,15074,11354,19307,19518,8006,7792,9107,10892,14457.5,18023,12997,19913,7040.5,9395,9762,8451,10475,6934.5,9053,19247,8119,18559,14152,12490,15723,8202,12608,17014,13068,10027,18562,11169,11028,18280,16257,9499,12876,10516
8102,16092,7296,16718,14474,10060,19111,15370,9445,19364,14928,8062,16891,13777,13162,10002,9038,8074,8866,16017,15718,14051,15131,16864,15068,11562,11204,13499,15794,16657,14836,8540,6760.5,12199,17365,13072,8558,6186,14099,17320,19227,15993,13864,12016,14901,12331,10198,14652,19106,11860,9787,8778,14838,19873,13576
16834,16844,7676,17612,5875,17885,19619,10254,10376,19349,9836,8291,18510,16482,19691,19417,19143,12870,16264.5,19659,13380,9482.5,14213,17899,19891,15701,11948,10831,8090,17647,12074,11331,9124,7211,16921,12465,13890,16464.5,19039,15300,8697,17778,19989,10222,12844,5848,9986,17090,19519
19861,10540,7957,15817,12129,17710,15235,7358,19449,15122,8459.5,11549,8281,10294,6847,7088,12766,13884,9001,5919,19290,19013,18736,6295,6924,18418,7216,6720,16714,14300,16944,15578,17429,12980,11981,19541,16169,9253,14451.5,19650,12373,11358,18332,7839,8440,16620,10200,19772,16396,18271,18942
11160,15896,17712,13145,10748,19048,12461,8925,7029,16274,17955,13392.5,8830,9404,9978,8965.5,7953,16438,16797,13384,14126,16797,18346,10838,13334,12792,7776,14491,12881,11271,16224,19030,9883,6952
15781,19651,17173,8948,13287,12504,9812,17723,9145,8131,13831,8776,10142,8446,12158,12266,6133,11522,12540,7919,13139,18762,16295,10307,14767,7048,16389,15796,11222
12230,9729,12282,16769,10325,13330,8018,19754,6988,11587,6341,10909,8235,16686,17607,18647.5,19688,17541,9510,12378,15246,11048,16554,12635,16117,7465,14573,12415,9787,7159,9885,8486,14395,15862,6144
11986,15395,9928,11069,10068,19955,8462,14954,6053,9658,19578,17684,17421,14863,12305,9503.5,6702,19316,9113,8919,11993,11857,8724,18251,19748,12147,8092,9596,8796,17048,17468,19666,8331,9606.5,17861,13148,11669,18104,16168,16172,13440,14151,8320,9872,8328,9992,14037
